mat4 randomMatrices[100] = mat4[](
    mat4(0.70, 0.86, 0.91, 0.67, 0.96, 0.50, 0.49, 0.29, 0.83, 0.28, 0.90, 0.61, 0.77, 0.03, 0.91, 0.07),
    mat4(0.49, 0.77, 0.85, 0.26, 0.98, 0.63, 0.14, 0.35, 0.88, 0.32, 0.65, 0.69, 0.32, 0.26, 0.48, 0.63),
    mat4(0.68, 0.89, 0.81, 0.02, 0.95, 0.93, 0.66, 0.36, 0.36, 0.23, 0.63, 0.83, 0.47, 0.43, 0.14, 0.20),
    mat4(0.86, 0.47, 0.76, 0.79, 0.01, 0.75, 0.86, 0.01, 0.68, 0.50, 0.28, 0.37, 0.80, 0.94, 0.06, 0.74),
    mat4(0.62, 0.73, 0.51, 0.04, 0.39, 0.33, 0.70, 0.11, 0.22, 0.90, 0.77, 0.75, 0.25, 0.43, 0.06, 0.77),
    mat4(0.08, 0.53, 0.97, 0.11, 0.39, 0.80, 0.29, 0.87, 0.34, 0.23, 0.70, 0.07, 0.87, 0.31, 0.82, 0.83),
    mat4(0.63, 0.71, 0.86, 0.62, 0.99, 0.41, 0.56, 0.05, 0.02, 0.39, 0.10, 0.58, 0.81, 0.26, 0.92, 0.60),
    mat4(0.12, 0.43, 0.77, 0.97, 0.31, 0.90, 0.38, 0.65, 0.66, 0.31, 0.41, 0.90, 0.94, 0.86, 0.61, 0.36),
    mat4(0.01, 0.66, 0.50, 0.37, 0.31, 0.53, 0.65, 0.07, 0.62, 0.45, 0.71, 0.63, 0.27, 0.28, 0.14, 0.03),
    mat4(0.38, 0.67, 0.44, 0.12, 0.86, 0.68, 0.26, 0.32, 0.97, 0.85, 0.39, 0.72, 0.99, 0.72, 0.19, 0.79),
    mat4(0.58, 0.93, 0.52, 0.24, 0.42, 0.79, 0.37, 0.32, 0.19, 0.26, 0.86, 0.80, 0.01, 0.84, 0.32, 0.26),
    mat4(0.20, 0.10, 0.77, 0.95, 0.91, 0.35, 0.51, 0.52, 0.94, 0.61, 0.72, 0.99, 0.19, 0.24, 0.25, 0.60),
    mat4(0.16, 0.83, 0.14, 0.90, 0.89, 0.62, 0.76, 0.28, 0.01, 0.10, 0.75, 0.19, 0.57, 0.24, 0.64, 0.18),
    mat4(0.01, 0.99, 0.38, 0.53, 0.54, 0.99, 0.73, 0.33, 0.60, 0.15, 0.15, 0.37, 0.63, 0.03, 0.41, 0.81),
    mat4(0.57, 0.27, 0.38, 0.66, 0.18, 0.72, 0.40, 0.04, 0.12, 0.15, 0.89, 0.61, 0.28, 0.42, 0.69, 0.68),
    mat4(0.58, 0.20, 0.65, 0.34, 0.08, 0.04, 0.50, 0.83, 0.81, 0.65, 0.82, 0.63, 0.23, 0.81, 0.30, 0.19),
    mat4(0.89, 0.21, 0.26, 0.24, 0.91, 0.28, 0.26, 0.49, 0.36, 0.80, 0.29, 0.50, 0.92, 0.55, 0.04, 0.06),
    mat4(0.63, 0.97, 0.57, 0.02, 0.02, 0.51, 0.98, 0.36, 0.55, 0.80, 0.24, 0.19, 0.64, 0.60, 0.18, 0.81),
    mat4(0.12, 0.34, 0.24, 0.62, 0.13, 0.55, 0.97, 0.52, 0.82, 0.15, 0.41, 0.29, 0.77, 0.64, 0.95, 0.53),
    mat4(0.98, 0.73, 0.90, 0.65, 0.98, 0.82, 0.48, 0.77, 0.67, 0.89, 0.62, 0.06, 0.70, 0.80, 0.91, 0.70),
    mat4(0.57, 0.59, 0.98, 0.08, 0.92, 0.89, 0.13, 0.38, 0.02, 0.46, 0.58, 0.60, 0.12, 0.16, 0.61, 0.40),
    mat4(0.88, 0.44, 0.44, 0.23, 0.63, 0.87, 0.70, 0.82, 0.01, 0.81, 0.14, 0.54, 0.99, 0.56, 0.61, 0.15),
    mat4(0.85, 0.33, 0.97, 0.89, 0.17, 0.56, 0.27, 0.32, 0.10, 0.28, 0.38, 0.69, 0.47, 0.75, 0.14, 0.80),
    mat4(0.61, 0.91, 0.64, 0.19, 0.02, 0.81, 0.06, 0.97, 0.03, 0.14, 0.08, 0.40, 0.49, 0.90, 0.90, 1.00),
    mat4(0.04, 0.32, 0.57, 0.05, 0.82, 0.70, 0.30, 0.42, 0.65, 0.75, 0.35, 0.02, 0.77, 0.41, 0.01, 0.61),
    mat4(0.26, 0.78, 0.11, 0.95, 0.76, 0.73, 0.77, 0.92, 0.28, 0.90, 0.98, 0.60, 0.89, 0.58, 0.61, 0.80),
    mat4(0.63, 0.48, 0.69, 0.56, 0.80, 0.81, 0.40, 0.04, 0.48, 0.28, 0.46, 0.18, 0.46, 0.73, 0.67, 0.67),
    mat4(0.42, 0.83, 0.88, 0.30, 0.06, 0.84, 0.01, 0.91, 0.70, 0.15, 0.23, 0.75, 0.14, 0.75, 0.76, 0.47),
    mat4(0.02, 0.68, 0.65, 0.20, 0.48, 0.04, 0.51, 0.47, 0.66, 0.91, 0.35, 0.66, 0.22, 0.71, 0.32, 0.99),
    mat4(0.93, 0.01, 0.22, 0.59, 0.38, 0.66, 0.77, 0.23, 0.48, 0.65, 0.34, 0.05, 0.40, 0.39, 0.63, 0.20),
    mat4(0.69, 0.89, 0.46, 0.87, 0.37, 0.96, 0.05, 0.47, 0.37, 0.78, 0.53, 0.66, 0.82, 0.27, 0.20, 0.70),
    mat4(0.75, 0.48, 0.29, 0.90, 0.91, 0.41, 0.41, 0.35, 0.56, 0.68, 0.67, 0.35, 0.38, 0.23, 0.67, 0.79),
    mat4(0.88, 0.89, 0.31, 0.18, 0.92, 0.98, 0.94, 0.80, 0.21, 0.88, 0.54, 0.88, 0.47, 0.80, 0.44, 0.48),
    mat4(0.18, 0.48, 0.88, 0.84, 0.52, 0.62, 0.15, 0.30, 0.20, 0.01, 0.43, 0.63, 0.03, 0.82, 0.41, 0.59),
    mat4(0.79, 0.73, 0.64, 0.19, 0.96, 0.23, 0.84, 0.16, 0.61, 0.25, 0.50, 0.72, 0.91, 0.71, 0.40, 0.02),
    mat4(0.69, 0.56, 0.79, 0.12, 0.18, 0.21, 0.99, 0.14, 0.05, 0.28, 0.97, 0.35, 0.99, 0.46, 0.04, 0.19),
    mat4(0.09, 0.76, 0.26, 0.70, 0.47, 0.69, 0.73, 0.51, 0.06, 0.73, 0.49, 0.40, 0.17, 0.03, 0.86, 0.17),
    mat4(0.31, 0.73, 0.23, 0.73, 0.36, 0.00, 0.45, 0.85, 0.54, 0.13, 0.30, 0.22, 0.66, 0.02, 0.18, 0.17),
    mat4(0.13, 0.12, 0.54, 0.20, 0.44, 0.26, 0.99, 0.80, 0.51, 0.02, 0.76, 0.58, 0.15, 0.14, 0.65, 0.40),
    mat4(0.87, 0.87, 0.50, 0.76, 0.16, 0.94, 0.89, 0.43, 0.21, 0.39, 0.88, 0.15, 0.22, 0.79, 0.59, 0.58),
    mat4(0.42, 0.63, 0.51, 0.30, 0.42, 0.75, 0.83, 0.80, 0.25, 0.41, 0.25, 0.09, 0.54, 0.27, 0.95, 0.60),
    mat4(0.85, 0.87, 0.13, 0.13, 0.92, 0.55, 0.58, 0.38, 0.35, 0.02, 0.11, 0.97, 0.04, 0.45, 0.33, 0.33),
    mat4(0.52, 0.38, 0.23, 0.18, 0.40, 0.92, 0.26, 0.65, 0.53, 0.90, 0.79, 0.31, 0.61, 0.31, 0.90, 0.14),
    mat4(0.56, 0.35, 0.10, 0.04, 0.47, 0.05, 0.03, 0.24, 0.62, 0.41, 0.55, 0.77, 0.21, 0.92, 0.60, 0.48),
    mat4(0.73, 0.86, 0.91, 0.55, 0.60, 0.66, 0.30, 0.61, 0.78, 0.02, 0.46, 0.99, 0.15, 0.72, 0.18, 0.09),
    mat4(0.69, 0.68, 0.69, 0.03, 0.03, 0.04, 0.12, 0.14, 0.36, 0.16, 0.52, 0.84, 0.16, 0.98, 0.99, 0.43),
    mat4(0.46, 0.29, 0.41, 1.00, 0.36, 0.26, 0.29, 0.52, 0.25, 0.26, 0.71, 0.54, 0.44, 0.13, 0.74, 0.70),
    mat4(0.10, 0.09, 0.69, 0.94, 0.52, 0.43, 0.38, 0.56, 0.17, 0.94, 0.68, 1.00, 0.14, 0.30, 0.63, 0.22),
    mat4(0.35, 0.97, 0.07, 0.22, 0.96, 0.22, 0.39, 0.61, 0.45, 0.35, 0.83, 0.14, 0.80, 0.14, 0.60, 0.75),
    mat4(0.06, 0.88, 0.88, 0.34, 0.14, 0.04, 0.57, 0.48, 0.57, 0.34, 0.77, 0.18, 0.63, 0.66, 0.63, 0.07),
    mat4(0.85, 0.90, 0.39, 0.36, 0.53, 0.31, 0.93, 0.97, 0.20, 0.65, 0.98, 0.35, 0.72, 0.80, 0.57, 0.68),
    mat4(0.57, 0.66, 0.11, 0.08, 0.86, 0.26, 0.38, 0.80, 0.96, 0.27, 0.39, 0.33, 0.04, 0.34, 0.81, 0.86),
    mat4(0.25, 0.42, 0.10, 0.45, 0.41, 0.79, 0.47, 0.22, 0.28, 0.37, 0.95, 0.10, 0.79, 0.92, 0.93, 0.56),
    mat4(0.03, 0.79, 0.22, 0.63, 0.73, 0.28, 0.94, 0.12, 0.80, 0.81, 0.99, 0.60, 0.93, 0.75, 0.33, 0.38),
    mat4(0.80, 0.62, 0.19, 0.87, 0.99, 0.97, 0.25, 0.80, 0.13, 0.99, 0.05, 0.35, 0.71, 0.80, 0.26, 0.53),
    mat4(0.87, 0.55, 0.72, 0.72, 0.15, 0.45, 0.42, 0.71, 0.22, 0.25, 0.08, 0.03, 0.78, 0.18, 0.23, 0.65),
    mat4(0.99, 0.16, 0.39, 0.17, 0.17, 0.30, 0.01, 0.52, 0.28, 0.75, 0.31, 0.37, 0.72, 0.56, 0.77, 0.52),
    mat4(0.59, 0.11, 0.59, 0.95, 0.47, 0.53, 0.50, 0.03, 0.36, 0.53, 0.66, 0.24, 0.07, 0.55, 0.33, 0.94),
    mat4(0.98, 0.88, 0.79, 0.32, 0.05, 0.47, 0.77, 0.64, 0.54, 0.04, 0.13, 0.27, 0.12, 0.73, 0.25, 0.96),
    mat4(0.52, 0.00, 0.06, 0.79, 0.91, 0.95, 0.33, 0.70, 0.58, 0.76, 0.01, 0.25, 0.65, 0.12, 0.77, 0.86),
    mat4(0.56, 0.96, 0.36, 0.61, 0.29, 0.69, 0.41, 0.66, 0.21, 0.90, 0.22, 0.13, 0.55, 0.69, 0.28, 0.38),
    mat4(0.38, 0.70, 0.81, 0.13, 0.94, 0.10, 0.48, 1.00, 0.17, 0.50, 0.27, 0.41, 0.60, 0.32, 0.47, 0.11),
    mat4(0.73, 0.30, 0.62, 0.76, 0.79, 0.81, 0.10, 0.81, 0.23, 0.10, 0.25, 0.80, 0.92, 0.35, 0.67, 0.24),
    mat4(0.25, 0.81, 0.90, 0.50, 0.50, 0.85, 0.88, 0.63, 0.86, 0.81, 0.06, 0.72, 0.88, 0.82, 0.78, 0.34),
    mat4(0.78, 0.42, 0.63, 0.03, 0.74, 0.27, 0.13, 0.65, 0.25, 0.31, 0.35, 0.30, 0.61, 0.72, 0.34, 0.84),
    mat4(0.45, 0.57, 0.46, 0.18, 0.37, 0.39, 0.19, 0.52, 0.74, 0.67, 0.46, 0.08, 0.05, 0.77, 0.83, 0.93),
    mat4(0.01, 0.30, 1.00, 0.41, 0.12, 0.55, 0.92, 0.72, 0.95, 0.78, 0.23, 0.80, 0.04, 0.42, 0.25, 0.39),
    mat4(0.45, 0.52, 0.95, 0.61, 0.50, 0.73, 0.40, 0.79, 0.62, 0.89, 0.55, 0.74, 0.23, 0.12, 0.38, 0.36),
    mat4(0.93, 0.69, 0.45, 0.89, 0.93, 0.02, 0.86, 0.53, 0.83, 0.17, 0.12, 0.17, 0.01, 0.02, 0.10, 0.13),
    mat4(0.71, 0.80, 0.40, 0.90, 0.21, 0.84, 0.66, 0.77, 0.37, 0.74, 0.99, 0.54, 0.60, 0.40, 0.96, 0.91),
    mat4(0.25, 0.83, 0.55, 0.70, 0.24, 0.24, 0.58, 0.65, 0.57, 0.88, 0.90, 0.84, 0.18, 0.42, 0.86, 0.77),
    mat4(0.13, 0.74, 0.68, 0.92, 0.53, 0.53, 0.11, 0.98, 0.62, 0.03, 0.68, 0.65, 0.03, 0.01, 0.85, 0.19),
    mat4(0.53, 0.86, 0.55, 0.14, 0.25, 0.87, 0.68, 0.91, 0.37, 0.21, 0.21, 0.65, 0.09, 0.95, 1.00, 0.25),
    mat4(0.45, 0.22, 0.77, 0.54, 0.07, 0.67, 0.87, 0.90, 0.23, 0.77, 0.13, 0.13, 0.37, 0.43, 0.82, 0.64),
    mat4(0.80, 0.45, 0.39, 0.74, 0.66, 0.05, 0.36, 0.92, 0.56, 0.76, 0.10, 0.18, 0.74, 0.23, 0.86, 0.64),
    mat4(0.06, 0.90, 0.40, 0.32, 0.29, 0.29, 0.16, 0.43, 0.09, 0.29, 0.94, 0.33, 0.70, 0.61, 0.37, 0.96),
    mat4(0.50, 0.70, 0.54, 0.60, 0.86, 0.68, 0.95, 0.55, 0.12, 0.08, 0.40, 0.36, 0.29, 0.76, 0.82, 0.43),
    mat4(0.12, 0.26, 0.84, 0.07, 0.10, 0.04, 0.21, 0.50, 0.49, 0.31, 0.97, 0.28, 0.44, 0.18, 0.98, 0.48),
    mat4(0.43, 0.03, 0.62, 0.62, 0.48, 0.01, 0.51, 0.18, 0.18, 0.31, 0.34, 0.37, 0.94, 0.87, 0.58, 0.11),
    mat4(0.54, 0.83, 0.11, 0.06, 0.91, 0.90, 0.08, 0.21, 0.30, 0.20, 0.17, 0.85, 0.24, 0.64, 0.35, 0.19),
    mat4(0.63, 0.98, 0.43, 0.98, 0.14, 0.37, 0.96, 0.68, 0.47, 0.65, 0.05, 0.63, 0.13, 0.75, 0.48, 0.43),
    mat4(0.80, 0.81, 0.51, 0.12, 0.28, 0.12, 0.49, 0.63, 0.31, 0.63, 0.25, 0.71, 0.79, 0.30, 0.56, 0.33),
    mat4(0.41, 0.95, 0.37, 0.66, 0.49, 0.05, 0.90, 0.98, 0.59, 0.78, 0.23, 0.53, 0.98, 0.29, 0.54, 0.33),
    mat4(0.58, 0.76, 0.42, 0.63, 0.77, 0.39, 0.20, 0.07, 0.41, 0.82, 0.90, 0.45, 0.80, 0.97, 0.48, 0.70),
    mat4(0.81, 0.62, 0.68, 0.57, 0.93, 0.17, 0.83, 0.45, 0.77, 0.97, 0.64, 0.59, 0.32, 0.20, 0.32, 0.40),
    mat4(0.50, 0.30, 0.17, 0.43, 0.62, 0.31, 0.66, 0.91, 0.36, 0.39, 0.07, 0.66, 0.85, 0.58, 0.49, 0.87),
    mat4(0.77, 0.27, 0.96, 0.44, 0.06, 0.65, 0.61, 0.43, 0.09, 0.25, 0.80, 0.94, 0.61, 0.76, 0.66, 0.60),
    mat4(0.14, 0.79, 0.71, 0.07, 0.68, 0.83, 0.83, 0.34, 0.83, 0.37, 0.07, 0.68, 0.84, 0.51, 0.51, 0.10),
    mat4(0.84, 0.18, 0.33, 0.83, 0.75, 0.83, 0.31, 0.37, 0.38, 0.08, 0.98, 0.91, 0.30, 0.12, 0.14, 0.97),
    mat4(0.44, 0.47, 0.54, 0.63, 0.62, 0.24, 0.18, 0.56, 0.89, 0.23, 0.67, 0.81, 0.95, 0.69, 0.93, 0.68),
    mat4(0.70, 0.26, 0.92, 0.40, 0.17, 0.87, 0.37, 0.55, 0.54, 0.77, 0.69, 0.72, 0.51, 0.51, 0.26, 0.39),
    mat4(0.83, 0.83, 0.04, 0.84, 0.00, 0.78, 0.41, 0.98, 0.25, 0.75, 0.27, 0.93, 0.95, 0.55, 0.48, 0.21),
    mat4(0.94, 0.85, 0.67, 0.67, 0.54, 0.50, 0.84, 0.91, 0.74, 0.19, 0.45, 0.29, 0.37, 0.58, 0.99, 0.20),
    mat4(0.07, 0.26, 0.35, 0.35, 0.81, 0.03, 0.78, 0.15, 0.19, 0.99, 0.74, 0.46, 0.21, 0.95, 0.76, 0.77),
    mat4(0.93, 0.77, 0.63, 0.92, 0.80, 0.86, 0.11, 0.54, 0.15, 0.19, 0.06, 0.38, 0.85, 0.73, 0.94, 0.45),
    mat4(0.08, 0.70, 0.52, 0.82, 0.81, 0.71, 0.04, 0.18, 0.76, 0.66, 0.11, 0.28, 0.17, 0.72, 0.20, 0.34),
    mat4(0.96, 0.64, 0.74, 0.11, 0.86, 0.52, 0.02, 0.76, 0.12, 0.87, 0.26, 0.90, 0.73, 0.12, 0.03, 0.50),
    mat4(0.54, 0.50, 0.24, 0.51, 0.39, 0.16, 0.62, 0.35, 0.37, 0.08, 0.59, 0.90, 0.15, 0.72, 0.87, 0.07),
    mat4(0.37, 0.66, 0.44, 0.00, 0.34, 0.45, 0.53, 0.13, 0.01, 0.23, 0.49, 0.48, 0.94, 0.14, 0.67, 0.89),
    mat4(0.73, 0.94, 0.84, 0.57, 0.34, 0.03, 0.74, 0.79, 0.62, 0.30, 0.41, 0.53, 0.88, 0.39, 0.05, 0.77)
);